extrinsic_front:
1 0 0 0
0 1 0 0
0 0 1 0
0 0 0 1
eular:
 0
-0
 0
extrinsic_left:
1 0 0 0
0 1 0 0
0 0 1 0
0 0 0 1
eular:
 0
-0
 0
extrinsic_right:
1 0 0 0
0 1 0 0
0 0 1 0
0 0 0 1
eular:
 0
-0
 0
extrinsic_behind:
1 0 0 0
0 1 0 0
0 0 1 0
0 0 0 1
eular:
 0
-0
 0
Loading Ocam calibration files...
Loading Ocam calibration parameters...
Front camera: 1920x1536
Left camera: 1920x1536
Behind camera: 1920x1536
Right camera: 1920x1536

==========================================
Loading extrinsics from: /home/nio/deqi/r_calib/data/trans/camera_extrinsics_ikalibr.json5
==========================================
Loaded front extrinsics:
  Rotation (Euler): -34.8127 -88.7669   126.03
  Translation: [     0.258 -0.0483678   0.160335]
Loaded left extrinsics:
  Rotation (Euler): 0.526591   1.0405  92.5791
  Translation: [ 0.01 0.145  0.16]
Loaded behind extrinsics:
  Rotation (Euler): -73.4644  87.0988  16.4624
  Translation: [   -0.1301 -0.0293629       0.16]
Loaded right extrinsics:
  Rotation (Euler):  -179.58  2.96405 -91.2458
  Translation: [    0.01   -0.215 0.162746]
==========================================
*********************************start right*************************************
**************************************1st****************************************
time:5.44056
luminorsity loss before pre opt:7.92869e+06
luminorsity loss after pre opt:5.13462e+06
extrinsic after pre opt:
 -0.993769   0.104515  0.0387224  0.0302774
-0.0412362 -0.0219986  -0.998907   0.157828
 -0.103549   -0.99428  0.0261713  -0.220295
         0          0          0          1
best search parameters:
2.550000 -2.010000 2.940000 -0.010000 0.010000 0.010000 
**************************************2nd****************************************
time:1.269884
luminorsity loss after opt:4423369.894198
extrinsic after opt:
-0.997073  0.070694 -0.029123  0.091359
 0.025279 -0.054663 -0.998185  0.147690
-0.072157 -0.995999  0.052715 -0.195946
 0.000000  0.000000  0.000000  1.000000
best search parameters:
4.319723 1.789328 0.992657 -0.072472 -0.008752 0.023106 
**************************************3rd****************************************
time:0.758164
luminorsity loss after opt:4421140.540313
extrinsic after opt:
-0.997068  0.070664 -0.029368  0.091619
 0.025553 -0.054301 -0.998198  0.147456
-0.072131 -0.996021  0.052336 -0.195322
 0.000000  0.000000  0.000000  1.000000
best search parameters:
4.299024 1.804886 0.990333 -0.072782 -0.009342 0.023364 
right calibration time: 7.468612s
*********************************start left**************************************
**************************************1st****************************************
time:5.606618
luminorsity loss before pre opt:7576531.379892
luminorsity loss after pre opt:3583168.838122
extrinsic after pre opt:
 0.999247 -0.029575  0.025100 -0.024294
 0.022132 -0.096741 -0.995063  0.176587
 0.031857  0.994870 -0.096014 -0.146806
 0.000000  0.000000  0.000000  1.000000
best search parameters:
2.960000 0.870000 2.830000 -0.010000 -0.010000 -0.010000 
**************************************2nd****************************************
time:1.273332
luminorsity loss after opt:3068781.250479
extrinsic after opt:
 0.997725 -0.019626  0.064501 -0.031591
 0.062896 -0.073619 -0.995301  0.171276
 0.024282  0.997093 -0.072217 -0.184954
 0.000000  0.000000  0.000000  1.000000
best search parameters:
1.631247 3.146451 2.186426 -0.018457 -0.047224 -0.001349 
**************************************3rd****************************************
time:0.700282
luminorsity loss after opt:3051255.840954
extrinsic after opt:
 0.997697 -0.019551  0.064943 -0.032954
 0.063319 -0.074595 -0.995202  0.171752
 0.024301  0.997022 -0.073185 -0.182959
 0.000000  0.000000  0.000000  1.000000
best search parameters:
1.687480 3.170709 2.185783 -0.019739 -0.045244 -0.002055 
left calibration time: 7.580232s
*********************************start behind***********************************
**************************************1st****************************************
time:10.147789
luminorsity loss before pre opt:4147079.115589
luminorsity loss after pre opt:2976168.834376
extrinsic after pre opt:
 0.057926  0.997893 -0.029210  0.041075
-0.009327 -0.028717 -0.999544  0.163551
-0.998277  0.058172  0.007644 -0.137621
 0.000000  0.000000  0.000000  1.000000
best search parameters:
1.860000 2.240000 2.500000 0.000000 0.010000 -0.010000 
**************************************2nd****************************************
time:1.750816
luminorsity loss after opt:2845550.312457
extrinsic after opt:
 0.055319  0.997856 -0.034988  0.044516
-0.008384 -0.034576 -0.999367  0.160481
-0.998434  0.055577  0.006454 -0.137910
 0.000000  0.000000  0.000000  1.000000
best search parameters:
2.195027 2.287852 2.349258 0.000525 0.013486 -0.007033 
**************************************3rd****************************************
time:0.926299
luminorsity loss after opt:2801515.628160
extrinsic after opt:
 0.055317  0.997846 -0.035264  0.044126
-0.008340 -0.034855 -0.999358  0.160530
-0.998434  0.055575  0.006394 -0.138114
 0.000000  0.000000  0.000000  1.000000
best search parameters:
2.211038 2.290403 2.349059 0.000706 0.013083 -0.007069 
behind calibration time: 12.824905s
************************online calibration finished!!!**************************
total calibration time:27.873749s

==========================================
Saving calibration results...
==========================================
Saved extrinsics for park_front to ./2_dog/calibration_20260327_195135/calibration_results.json5
Saved extrinsics for park_left to ./2_dog/calibration_20260327_195135/calibration_results.json5
Saved extrinsics for park_back to ./2_dog/calibration_20260327_195135/calibration_results.json5
Saved extrinsics for park_right to ./2_dog/calibration_20260327_195135/calibration_results.json5

All results saved to: ./2_dog/calibration_20260327_195135/calibration_results.json5
