extrinsic_front:
1 0 0 0
0 1 0 0
0 0 1 0
0 0 0 1
eular:
 0
-0
 0
extrinsic_left:
1 0 0 0
0 1 0 0
0 0 1 0
0 0 0 1
eular:
 0
-0
 0
extrinsic_right:
1 0 0 0
0 1 0 0
0 0 1 0
0 0 0 1
eular:
 0
-0
 0
extrinsic_behind:
1 0 0 0
0 1 0 0
0 0 1 0
0 0 0 1
eular:
 0
-0
 0
Loading Ocam calibration files...
Loading Ocam calibration parameters...
Front camera: 1920x1536
Left camera: 1920x1536
Behind camera: 1920x1536
Right camera: 1920x1536

==========================================
Loading extrinsics from: /home/nio/deqi/r_calib/data/trans/camera_extrinsics_ikalibr.json5
==========================================
Loaded front extrinsics:
  Rotation (Euler): -88.9874 -1.21054 -90.7254
  Translation: [     0.258 -0.0483678   0.160335]
Loaded left extrinsics:
  Rotation (Euler):  1.06313 -0.47924 -92.5787
  Translation: [ 0.01 0.145  0.16]
Loaded behind extrinsics:
  Rotation (Euler):    89.1746 -0.0531494   -87.2178
  Translation: [   -0.1301 -0.0293629       0.16]
Loaded right extrinsics:
  Rotation (Euler):   177.046 -0.484272  -91.2442
  Translation: [    0.01   -0.215 0.162746]
==========================================
*********************************start right*************************************
**************************************1st****************************************
time:5.76555
luminorsity loss before pre opt:4.15891e+06
luminorsity loss after pre opt:3.834e+06
extrinsic after pre opt:
  -0.998395  -0.0564002 -0.00516827   0.0095561
 0.00644665  -0.0225079   -0.999726   -0.225205
  0.0562684   -0.998155   0.0228354    0.172526
          0           0           0           1
best search parameters:
2.700000 -2.520000 -2.800000 0.000000 -0.010000 0.010000 
**************************************2nd****************************************
time:1.394410
luminorsity loss after opt:3608209.160014
extrinsic after opt:
-0.996744 -0.072401  0.035497  0.001671
-0.035546 -0.000607 -0.999368 -0.229274
 0.072377 -0.997375 -0.001968  0.180247
 0.000000  0.000000  0.000000  1.000000
best search parameters:
1.446041 -4.942458 -3.683898 0.008293 -0.016914 0.014103 
**************************************3rd****************************************
time:0.716758
luminorsity loss after opt:3600684.485516
extrinsic after opt:
-0.996701 -0.073081  0.035299  0.001613
-0.035327 -0.000913 -0.999375 -0.229633
 0.073067 -0.997326 -0.001671  0.179718
 0.000000  0.000000  0.000000  1.000000
best search parameters:
1.462162 -4.929897 -3.723551 0.008325 -0.016383 0.014460 
right calibration time: 7.876720s
*********************************start left**************************************
**************************************1st****************************************
time:5.996635
luminorsity loss before pre opt:8673338.802065
luminorsity loss after pre opt:5861029.929723
extrinsic after pre opt:
 0.996924 -0.037650 -0.068742  0.000092
 0.064876 -0.095733  0.993291  0.135275
-0.043978 -0.994695 -0.092996  0.170356
 0.000000  0.000000  0.000000  1.000000
best search parameters:
-2.880000 -2.790000 2.880000 -0.010000 -0.010000 -0.010000 
**************************************2nd****************************************
time:1.287995
luminorsity loss after opt:4357458.592089
extrinsic after opt:
 0.999850  0.002867  0.017109  0.008009
-0.016288 -0.184372  0.982722  0.096965
 0.005972 -0.982852 -0.184297  0.220593
 0.000000  0.000000  0.000000  1.000000
best search parameters:
-8.172087 2.155707 0.809414 -0.005103 -0.055180 -0.055224 
**************************************3rd****************************************
time:0.715649
luminorsity loss after opt:4350673.970146
extrinsic after opt:
 0.999842  0.003016  0.017521  0.007196
-0.016664 -0.184451  0.982700  0.097488
 0.006195 -0.982837 -0.184372  0.219432
 0.000000  0.000000  0.000000  1.000000
best search parameters:
-8.176573 2.179275 0.800808 -0.005932 -0.054137 -0.054511 
left calibration time: 8.000280s
*********************************start behind***********************************
**************************************1st****************************************
time:11.335273
luminorsity loss before pre opt:3886448.610256
luminorsity loss after pre opt:3053439.276068
extrinsic after pre opt:
-0.032223 -0.041137 -0.998634 -0.119772
 0.998125  0.050697 -0.034295 -0.039522
 0.052038 -0.997867  0.039426  0.169494
 0.000000  0.000000  0.000000  1.000000
best search parameters:
-0.380000 -2.810000 -2.800000 -0.010000 -0.010000 -0.010000 
**************************************2nd****************************************
time:2.207184
luminorsity loss after opt:3016425.819661
extrinsic after opt:
-0.033773 -0.049671 -0.998194 -0.122083
 0.997688  0.057263 -0.036605 -0.035657
 0.058978 -0.997123  0.047622  0.165447
 0.000000  0.000000  0.000000  1.000000
best search parameters:
0.097125 -2.916311 -3.193052 -0.006289 -0.005661 -0.007993 
**************************************3rd****************************************
time:1.233830
luminorsity loss after opt:3005484.978330
extrinsic after opt:
-0.033708 -0.048782 -0.998240 -0.122182
 0.997706  0.057023 -0.036477 -0.035941
 0.058702 -0.997180  0.046748  0.165908
 0.000000  0.000000  0.000000  1.000000
best search parameters:
0.046645 -2.911837 -3.177393 -0.006542 -0.006131 -0.007861 
behind calibration time: 14.776288s
************************online calibration finished!!!**************************
total calibration time:30.653287s

==========================================
Saving calibration results...
==========================================
Saved extrinsics for park_front to ./2_dog/calibration_20260327_183123/calibration_results.json5
Saved extrinsics for park_left to ./2_dog/calibration_20260327_183123/calibration_results.json5
Saved extrinsics for park_back to ./2_dog/calibration_20260327_183123/calibration_results.json5
Saved extrinsics for park_right to ./2_dog/calibration_20260327_183123/calibration_results.json5

All results saved to: ./2_dog/calibration_20260327_183123/calibration_results.json5
