extrinsic_front:
1 0 0 0
0 1 0 0
0 0 1 0
0 0 0 1
eular:
 0
-0
 0
extrinsic_left:
1 0 0 0
0 1 0 0
0 0 1 0
0 0 0 1
eular:
 0
-0
 0
extrinsic_right:
1 0 0 0
0 1 0 0
0 0 1 0
0 0 0 1
eular:
 0
-0
 0
extrinsic_behind:
1 0 0 0
0 1 0 0
0 0 1 0
0 0 0 1
eular:
 0
-0
 0
Loading Ocam calibration files...
Loading Ocam calibration parameters...
Front camera: 1920x1536
Left camera: 1920x1536
Behind camera: 1920x1536
Right camera: 1920x1536

==========================================
Loading extrinsics from: /home/nio/deqi/r_calib/data/trans/camera_extrinsics_ikalibr.json5
==========================================
Loaded front extrinsics:
  Rotation (Euler): -34.8127 -88.7669   126.03
  Translation: [     0.258 -0.0483678   0.160335]
Loaded left extrinsics:
  Rotation (Euler): 0.526591   1.0405  92.5791
  Translation: [ 0.01 0.145  0.16]
Loaded behind extrinsics:
  Rotation (Euler): -73.4644  87.0988  16.4624
  Translation: [   -0.1301 -0.0293629       0.16]
Loaded right extrinsics:
  Rotation (Euler):  -179.58  2.96405 -91.2458
  Translation: [    0.01   -0.215 0.162746]
==========================================
*********************************start right*************************************
**************************************1st****************************************
time:5.39041
luminorsity loss before pre opt:7.70314e+06
luminorsity loss after pre opt:4.93932e+06
extrinsic after pre opt:
 -0.998941  0.0445494 -0.0114892  0.0192603
 0.0101608 -0.0299301    -0.9995   0.157312
 -0.044871  -0.998559  0.0294458  -0.200844
         0          0          0          1
best search parameters:
2.980000 1.010000 -0.370000 0.000000 -0.010000 0.010000 
**************************************2nd****************************************
time:1.268599
luminorsity loss after opt:4857853.015413
extrinsic after opt:
-0.998615  0.049797 -0.017000  0.019973
 0.015689 -0.026610 -0.999523  0.154152
-0.050225 -0.998405  0.025792 -0.191853
 0.000000  0.000000  0.000000  1.000000
best search parameters:
2.784165 1.337019 -0.067154 -0.001215 -0.018798 0.013455 
**************************************3rd****************************************
time:0.650433
luminorsity loss after opt:4847340.201965
extrinsic after opt:
-0.998630  0.049607 -0.016655  0.018786
 0.015328 -0.027022 -0.999517  0.154716
-0.050033 -0.998403  0.026225 -0.194628
 0.000000  0.000000  0.000000  1.000000
best search parameters:
2.807953 1.316063 -0.077637 0.000119 -0.016101 0.012840 
right calibration time: 7.309442s
*********************************start left**************************************
**************************************1st****************************************
time:5.714798
luminorsity loss before pre opt:7677403.150708
luminorsity loss after pre opt:3208225.410124
extrinsic after pre opt:
 0.998128 -0.035389  0.049879 -0.024126
 0.049907 -0.000112 -0.998754  0.156608
 0.035351  0.999374  0.001655 -0.147706
 0.000000  0.000000  0.000000  1.000000
best search parameters:
-2.590000 2.470000 2.960000 -0.010000 -0.010000 0.010000 
**************************************2nd****************************************
time:1.228896
luminorsity loss after opt:2815880.909612
extrinsic after opt:
 0.997939 -0.037739  0.051905 -0.022667
 0.052075  0.003539 -0.998637  0.154665
 0.037504  0.999281  0.005497 -0.164870
 0.000000  0.000000  0.000000  1.000000
best search parameters:
-2.800381 2.600498 3.076149 -0.009264 -0.027128 0.011925 
**************************************3rd****************************************
time:0.654559
luminorsity loss after opt:2716579.362036
extrinsic after opt:
 0.997912 -0.037871  0.052313 -0.008459
 0.052443  0.002423 -0.998621  0.156257
 0.037692  0.999280  0.004404 -0.184917
 0.000000  0.000000  0.000000  1.000000
best search parameters:
-2.736917 2.621585 3.087016 0.004248 -0.047689 0.010983 
left calibration time: 7.598253s
*********************************start behind***********************************
**************************************1st****************************************
time:10.890413
luminorsity loss before pre opt:4043061.542682
luminorsity loss after pre opt:2743203.902845
extrinsic after pre opt:
 0.059283  0.998160 -0.012702  0.021221
 0.000801 -0.012772 -0.999918  0.163033
-0.998241  0.059268 -0.001556 -0.147895
 0.000000  0.000000  0.000000  1.000000
best search parameters:
0.950000 2.820000 2.580000 0.010000 -0.010000 -0.010000 
**************************************2nd****************************************
time:1.883411
luminorsity loss after opt:2465610.637860
extrinsic after opt:
 0.049644  0.998602 -0.018155  0.025830
 0.014340 -0.018888 -0.999719  0.157432
-0.998664  0.049370 -0.015258 -0.147717
 0.000000  0.000000  0.000000  1.000000
best search parameters:
1.305126 3.586890 2.009532 0.010089 -0.005329 -0.004498 
**************************************3rd****************************************
time:1.082241
luminorsity loss after opt:2409024.362735
extrinsic after opt:
 0.049026  0.998641 -0.017683  0.026287
 0.014297 -0.018404 -0.999728  0.157929
-0.998695  0.048760 -0.015180 -0.147890
 0.000000  0.000000  0.000000  1.000000
best search parameters:
1.277887 3.583727 1.974141 0.010292 -0.004890 -0.005000 
behind calibration time: 13.856065s
************************online calibration finished!!!**************************
total calibration time:28.763761s

==========================================
Saving calibration results...
==========================================
Saved extrinsics for park_front to ./2_dog/calibration_20260327_195442/calibration_results.json5
Saved extrinsics for park_left to ./2_dog/calibration_20260327_195442/calibration_results.json5
Saved extrinsics for park_back to ./2_dog/calibration_20260327_195442/calibration_results.json5
Saved extrinsics for park_right to ./2_dog/calibration_20260327_195442/calibration_results.json5

All results saved to: ./2_dog/calibration_20260327_195442/calibration_results.json5
